GPU Execution Time (seconds)
Init: 11.347
1. 0.193
2. 0.19
3. 0.191
4. 0.191
5. 0.191
6. 0.183
7. 0.19
8. 0.193
9. 0.186
10. 0.19
11. 0.168
12. 0.201
13. 0.197
14. 0.201
15. 0.2
16. 0.2
17. 0.195
18. 0.193
19. 0.197
20. 0.194
Average: 0.1922
Range: [0.168, 0.201]

CPU Execution Time (seconds)
Init: 0.964
1. 0.975
2. 0.967
3. 0.977
4. 1.125
5. 0.99
6. 0.982
7. 0.97
8. 0.948
9. 0.952
10. 1.022
11. 0.949
12. 0.954
13. 0.958
14. 0.944
15. 0.947
16. 0.942
17. 0.973
18. 0.951
19. 0.949
20. 0.933
Average: 0.9704
Range: [0.933, 1.125]
