GPU Execution Time (seconds)
Init: 0.364
1. 0.322
2. 0.317
3. 0.319
4. 0.32
5. 0.289
6. 0.334
7. 0.316
8. 0.308
9. 0.31
10. 0.31
11. 0.311
12. 0.315
13. 0.308
14. 0.31
15. 0.318
16. 0.318
17. 0.315
18. 0.313
19. 0.319
20. 0.314
Average: 0.3143
Range: [0.289, 0.334]

CPU Execution Time (seconds)
Init: 1.081
1. 1.081
2. 1.052
3. 1.063
4. 1.063
5. 1.064
6. 1.069
7. 1.056
8. 1.068
9. 1.06
10. 1.085
11. 1.06
12. 1.056
13. 1.05
14. 1.053
15. 1.064
16. 1.086
17. 1.093
18. 1.076
19. 1.07
20. 1.075
Average: 1.0672
Range: [1.05, 1.093]
